# Config file which stores settings for Auto-Setup2D
import numpy as np


# UDP and TCP settings
UDP_IP = ""
UDP_PORT = 8787
TCP_IP = '192.168.1.140'
TCP_PORT = 8784


#Initialize useful constants, vectors and matrices
buffSize = 10
ancNum = 13
ancMatBuff = np.zeros((ancNum, ancNum, buffSize))
ancMat = np.zeros((ancNum, ancNum))
ancNames = [''  for x in range(ancNum)]
anc2DPos = np.zeros((ancNum,2))
tagMat = np.zeros((3, ancNum))
tagNames = []


#tagPos = np.array([[0, 0],
#                [7.41, 0],
#                [2.63, 3.65]])

tagPos = np.array([[0, 0],
                [50, 0],
                [50, 70]])



######################################################################################################################################################
# Debugging settings contained here
plotAnchorHealth = 'no'
debugData = 'yes'
calibrateAncs = 'yes'


# Debug Data
ancMat = np.array([[  0.,      21.208,   22.113,   41.252,   32.857,   75.24,    69.324,   15.1245,   59.328,   70.5625,  68.744,   20.4875,  72.697],
 		[ 21.208,    0.,      19.71,    26.432,   26.398,   55.526,   48.547,   32.543,   48.58,    58.164,   52.913,   28.646,   52.327],
 		[ 22.113,   19.71,     0.,      21.3925,  10.532,   70.197,    0.,      37.4205,   68.8225,  78.345,   72.698,   40.293,   69.403],
		[ 41.252,   26.432,   21.3925,   0.,      14.449,   56.089,   44.768,   55.9255,   70.162,   77.363,   68.424,   54.979,   58.0695],
		[ 32.857,   26.398,  10.532,   14.449,    0.,      68.126,   58.537,   48.144,   75.192,   83.897,   76.784,   50.569,   69.793],
 		[ 75.24,    55.526,   70.197,   56.089,   68.126,    0.,      11.8055,  84.6355,   45.401,   48.1545,  34.434,    0.,      10.62],
 		[ 69.324,   48.547,    0.,      44.768,  58.537,   11.8055,   0.,      79.767,   54.7895,  54.887,   41.4315,  71.243,   19.34],
 		[ 15.125,   32.543,   37.4205,  55.9255,  48.144,   84.6355,  79.767,    0.,   57.226,   69.043,   70.241,   12.967,   78.835],
 		[ 59.328,   48.58,    68.8225,  70.162,   75.192,   45.401,   54.7895,  57.226,    0.,      11.523,   18.219,   43.918,   39.223],
 		[ 70.562,   58.164,   78.345,   77.363,   83.897,   48.1545,  54.887,   69.0435,   11.523,    0.,      13.203,   55.542,   36.912],
 		[ 68.744,   52.913,   72.698,   68.424,   76.784,   34.434,   41.4315,  70.241,   18.219,  13.203,    0.,      57.431,   23.404],
 		[ 20.487,   28.646,   40.293,   54.979,   50.569,    0.,      71.243,   12.9675,   43.918,   55.542,   57.431,    0.,       0.],
 		[ 72.697,   52.327,   69.403,   58.0695,  69.793,   10.62,    19.34,    78.835,   39.223,   36.912,   23.404,    0.,       0.]])


masterId = '0x23CD'

ancNames = ['0x01E2', '0x23CD', '0x00A8', '0x059C', '0x01F3', '0x00A3', '0x1594', '0x01E3', '0x01E0', '0x2150', '0x01E1', '0x1507', '0x2B3A']

tagMat = np.array([[16.3745,  32.255,   38.625,   56.5355,  49.351,   83.39,    78.906,    2.5745,   55.0015,  66.751,   68.2095,  10.7025,  76.067],
 		[ 34.418,   26.129,   12.208,   11.8365,   2.731,   83.4125,  56.066,   49.725,   74.274,   82.777,   75.27,    51.4475,  67.6335],
 		[ 75.4975,  54.1025,  68.3565,  53.8515,  67.2045,   2.03,     9.8945,  83.5655,   51.1175,  49.209,   35.463,   73.824,   11.569]])


actualPositions = np.array([[17.21167687,  -1.80487524],
 			[29.82835602,  15.24207966],
			[39.32353058,  -2.03002965],
 			[56.1911973,   11.37692364],
 			[49.96189745,  -1.83034643],
 			[44.82883866,  68.39764482],
 			[67.21515472,  46.21042627],
 			[1.99718158,  -1.62334059],
 			[2.23366122,  55.59384915],
 			[3.63618146,  67.43375758],
 			[17.4088507,   66.93025736],
 			[1.34894143,  11.28615297],
 			[39.55746023,  67.3725761]])




